2462851.5 2462989.5 138.0 9.931345359218342 15.467440988320913 98.63162064406771
2462851.5 2462990.5 139.0 9.79163637342003 15.281132630223993 95.87614286928215
2462851.5 2462991.5 140.0 9.654306343140682 15.097367456409245 93.20563096720642
2462851.5 2462992.5 141.0 9.519311228610867 14.91609694486778 90.61728626715694
2462851.5 2462993.5 142.0 9.38660835757619 14.737274012874245 88.10841645851917
2462851.5 2462994.5 143.0 9.256156393902993 14.560852984512044 85.67643118839125
2462851.5 2462995.5 144.0 9.12791530933237 14.386789553963418 83.31883789434424
2462851.5 2462996.5 145.0 9.001846358430113 14.215040738774878 81.03323786078148
2462851.5 2462997.5 146.0 8.87791205682116 14.04556483133681 78.81732248865052
2462851.5 2462998.5 147.0 8.756076162855612 13.878321370148775 76.66886976972826
2462851.5 2462999.5 148.0 8.636303662882913 13.713271136411116 74.58574095752482
2462851.5 2463000.5 149.0 8.518560760316836 13.550376149766851 72.56587742720976
2462851.5 2463001.5 150.0 8.402814868707457 13.389599645005895 70.60729771777112
2462851.5 2463002.5 151.0 8.289034609107135 13.230906042958289 68.70809475097587
2462851.5 2463003.5 152.0 8.177189812101085 13.074260930440179 66.86643322312979
2462851.5 2463004.5 153.0 8.067251524925002 12.91963104618969 65.08054716640477
2462851.5 2463005.5 154.0 7.959192024138306 12.766984267692216 63.34873767710683
2462851.5 2463006.5 155.0 7.852984834389993 12.616289608068444 61.669370809159226
2462851.5 2463007.5 156.0 7.748604753935735 12.46751722731692 60.04087563271546
2462851.5 2463008.5 157.0 7.646027887703484 12.320638448185074 58.4617424595394
2462851.5 2463009.5 158.0 7.545231688828376 12.175625768435825 56.93052123809991
2462851.5 2463010.5 159.0 7.446195009709884 12.032452865695845 55.445820122628376
2462851.5 2463011.5 160.0 7.348898163821896 11.89109459787301 54.006304222224834
2462851.5 2463012.5 161.0 7.253322999756265 11.751527014183422 52.610694538793226
2462851.5 2463013.5 162.0 7.159452989248755 11.613727393985316 51.25776710526293
2462851.5 2463014.5 163.0 7.0672733312167875 11.477674308239049 49.94635233812803
2462851.5 2463015.5 164.0 6.976771074174016 11.343347677829762 48.67533462143125
2462851.5 2463016.5 165.0 6.887935259839199 11.21072882377475 47.44365214373609
2462851.5 2463017.5 166.0 6.800757091307112 11.07980052856353 46.25029701496397
2462851.5 2463018.5 167.0 6.715230129780678 10.950547116708757 45.09431569591422
2462851.5 2463019.5 168.0 6.631350524589181 10.82295454674744 43.97480977996921
2462851.5 2463020.5 169.0 6.5491172821078 10.697010517472071 42.89093717480306
2462851.5 2463021.5 170.0 6.468532580310798 10.572704607852856 41.841913742542275
2462851.5 2463022.5 171.0 6.389602137057783 10.450028454843686 40.82701546989339
2462851.5 2463023.5 172.0 6.312335641853688 10.328975955711764 39.845581255416405
2462851.5 2463024.5 173.0 6.2367472628096845 10.209543489370951 38.89701642016409
2462851.5 2463025.5 174.0 6.1628562429903875 10.091730164721188 37.98079707176559
2462851.5 2463026.5 175.0 6.090687603404083 9.975538113969549 37.096475482260175
2462851.5 2463027.5 176.0 6.020272973694142 9.860972854088315 36.243686677792105
2462851.5 2463028.5 177.0 5.951651576274578 9.748043735776177 35.42215648537167
2462851.5 2463029.5 178.0 5.88487139548774 9.63676448112686 34.63171134142982
2462851.5 2463030.5 179.0 5.819990570716972 9.527153807157447 33.87229024323447
2462851.5 2463031.5 180.0 5.7570790616944665 9.419236161027813 33.143959322600836
2462851.5 2463032.5 181.0 5.69622064599083 9.313042609590049 32.44692964781219
2462851.5 2463033.5 182.0 5.637515323568415 9.208611914825111 31.781579023468694
2462851.5 2463034.5 183.0 5.581082222303399 9.105991829411396 31.148478772111048
2462851.5 2463035.5 184.0 5.527063122856357 9.005240679361748 30.548426764038666
2462851.5 2463036.5 185.0 5.475626752881832 8.906429324711073 29.98248833687523
2462851.5 2463037.5 186.0 5.426974041571055 8.809643582566459 29.452047247886068
2462851.5 2463038.5 187.0 5.381344579026982 8.714987210251216 28.95886947822309
2462851.5 2463039.5 188.0 5.339024595287006 8.6225856019338 28.505183629079575
2462851.5 2463040.5 189.0 5.300356866833609 8.532590419628065 28.093782915790193
2462851.5 2463041.5 190.0 5.265753082319412 8.445185451937396 27.728155523956385
2462851.5 2463042.5 191.0 5.2357093654121005 8.360594085925356 27.41265255906398
2462851.5 2463043.5 192.0 5.2108258774245 8.279088904907908 27.15270632483681
2462851.5 2463044.5 193.0 5.191831729201959 8.201004100491275 26.955116704348203
2462851.5 2463045.5 194.0 5.179616854724972 8.126751659424933 26.82843076175101
2462851.5 2463046.5 195.0 5.175273088451923 8.056842697189651 26.783451540054706
2462851.5 2463047.5 196.0 5.180147520514213 7.991915880802575 26.83392833428955
2462851.5 2463048.5 197.0 5.195912395149536 7.932775713056716 26.99750561806859
2462851.5 2463049.5 198.0 5.22465755142533 7.880444728859936 27.297046529665725
2462851.5 2463050.5 199.0 5.26901397562973 7.836235621188773 27.762508275381414
2462851.5 2463051.5 200.0 5.332320926898569 7.801852329057891 28.43364646744041
2462851.5 2463052.5 201.0 5.4188551337443585 7.779533871046218 29.36399096050759
2462851.5 2463053.5 202.0 5.534150171583133 7.772262437573053 30.62681812163362
2462851.5 2463054.5 203.0 5.685449889138596 7.784070054284061 32.324340441906074
2462851.5 2463055.5 204.0 5.882366401972928 7.820499757932113 34.60223448705993
2462851.5 2463056.5 205.0 6.13785976641623 7.88931481311058 37.67332251219109
2462851.5 2463057.5 206.0 6.4697408378090095 8.00161688005906 41.85754650841363
2462851.5 2463058.5 207.0 6.903057523333372 8.1736590482854 47.65220317044946
2462851.5 2463059.5 208.0 7.4740354497245045 8.429880733572318 55.86120590373858
2462851.5 2463060.5 209.0 8.236879937228908 8.808177233446868 67.84619110032409
2462851.5 2463061.5 210.0 9.27610790176283 9.369443261635467 86.0461778051468
2462851.5 2463074.5 223.0 9.841941537253346 8.31462815207674 96.86381322271276
2462851.5 2463075.5 224.0 8.887926379057639 7.7140887626196495 78.99523531954863
2462851.5 2463076.5 225.0 8.148728237437604 7.254454079837942 66.40177188761297
2462851.5 2463077.5 226.0 7.5613462375456475 6.891252589903419 57.17395692404572
2462851.5 2463078.5 227.0 7.0846786629478125 6.596187476398235 50.192671757228005
2462851.5 2463079.5 228.0 6.690908724152057 6.350617469977478 44.768259554934104
2462851.5 2463080.5 229.0 6.360615277866581 6.141888477106196 40.45742671302977
2462851.5 2463081.5 230.0 6.079873459557342 5.961183666837484 36.964861284229755
2462851.5 2463082.5 231.0 5.838467906456022 5.80221769052952 34.087707494716966
2462851.5 2463083.5 232.0 5.628753936923778 5.660418325092955 31.682870882434933
2462851.5 2463084.5 233.0 5.444909983747438 5.532399187088035 29.647044731112526
2462851.5 2463085.5 234.0 5.282433961117427 5.415611515300086 27.904108553566747
2462851.5 2463086.5 235.0 5.137796094329114 5.308109071975454 26.396948706903498
2462851.5 2463087.5 236.0 5.008194673506227 5.208386226671671 25.082013887736146
2462851.5 2463088.5 237.0 4.89138105731231 5.115264423068218 23.925608647833695
2462851.5 2463089.5 238.0 4.785532222524112 5.027811256150059 22.901318652816567
2462851.5 2463090.5 239.0 4.6891565586444175 4.945281912728004 21.988189231477957
2462851.5 2463091.5 240.0 4.601023295063148 4.867076199660086 21.169415361713746
2462851.5 2463092.5 241.0 4.520108981660446 4.792706602271478 20.431385206087434
2462851.5 2463093.5 242.0 4.445556445062888 4.721774262816156 19.76297210624018
2462851.5 2463094.5 243.0 4.376642986896195 4.653950729194531 19.15500383474765
2462851.5 2463095.5 244.0 4.3127555079894515 4.588963958357705 18.599860071693353
2462851.5 2463096.5 245.0 4.253370878431198 4.526587472277178 18.091163829486582
2462851.5 2463097.5 246.0 4.198040320314346 4.466631861900435 17.62354253098498
2462851.5 2463098.5 247.0 4.14637688817001 4.408938073985517 17.192441298750413
2462851.5 2463099.5 248.0 4.0980453612268075 4.353372075490234 16.793975782672554
2462851.5 2463100.5 249.0 4.0527540284858405 4.299820581332577 16.42481521540821
2462851.5 2463101.5 250.0 4.010247970386185 4.248187602431494 16.082088783986517
2462851.5 2463102.5 251.0 3.9703035321049236 4.198391642666755 15.763310137044831
2462851.5 2463103.5 252.0 3.932723751960792 4.150363418171822 15.466316109236569
2462851.5 2463104.5 253.0 3.897334560095346 4.10404398411691 15.189216673313584
2462851.5 2463105.5 254.0 3.863981601990368 4.059383173737958 14.930353820520052
2462851.5 2463106.5 255.0 3.8325275716497758 4.016338283951624 14.688267587455726
2462851.5 2463107.5 256.0 3.8028499627072123 3.9748729633491813 14.461667838862246
2462851.5 2463108.5 257.0 3.774839163968104 3.9349562743066655 14.249410713827414
2462851.5 2463109.5 258.0 3.7483968401563033 3.896561909833768 14.050478871293759
2462851.5 2463110.5 259.0 3.723434549856505 3.8596675389684574 13.863964847065112
2462851.5 2463111.5 260.0 3.6998725615565675 3.8242542396116983 13.689056971759156
2462851.5 2463112.5 261.0 3.6776388358344976 3.790305990199884 13.525027406838118
2462851.5 2463113.5 262.0 3.656668147457283 3.7578092214610153 13.37122194062868
2462851.5 2463114.5 263.0 3.6369013257329383 3.7267524290148213 13.227051253118004
2462851.5 2463115.5 264.0 3.618284595139101 3.697125831700951 13.09198341142093
2462851.5 2463116.5 265.0 3.600769001275273 3.66892106487965 12.965537400544926
2462851.5 2463117.5 266.0 3.584309909676037 3.642130915579867 12.84727752860184
2462851.5 2463118.5 267.0 3.56886656704869 3.6167490993637106 12.736808573397903
2462851.5 2463119.5 268.0 3.55440171613049 3.592770058444898 12.633771559631372
2462851.5 2463120.5 269.0 3.5408812567169163 3.5701887663179757 12.53784007416917
2462851.5 2463121.5 270.0 3.528273946567322 3.549000540100026 12.448717042025745
2462851.5 2463122.5 271.0 3.516551136869221 3.5292008689087058 12.366131898216212
2462851.5 2463123.5 272.0 3.5056865377373656 3.510785267725321 12.289838100872998
2462851.5 2463124.5 273.0 3.4956560098603466 3.493749162020483 12.21961093927276
2462851.5 2463125.5 274.0 3.4864373789427447 3.4780877929695544 12.155245597289156
2462851.5 2463126.5 275.0 3.47801027007153 3.4637961217365123 12.096555438723035
2462851.5 2463127.5 276.0 3.470355959560221 3.4508687300381724 12.043370486055144
2462851.5 2463128.5 277.0 3.463457242164758 3.439299733643407 11.995536068303512
2462851.5 2463129.5 278.0 3.4572983118247964 3.4290827127197496 11.952911616946587
2462851.5 2463130.5 279.0 3.4518646543172182 3.420210649679734 11.915369591724529
2462851.5 2463131.5 280.0 3.447142950436541 3.4126758767031693 11.88279452074434
2462851.5 2463132.5 281.0 3.443120988519372 3.406470046320794 11.855082141582619
